-0.0028551599
-0.0050984998
-0.0085654793
-0.0181506590
-0.0327323670
-0.0428273990
-0.0528204570
-0.0481298390
-0.0401761800
-0.0295712990
-0.0112167000
0.0050984998
0.0134600390
0.0160092890
0.0180486900
0.0198841490
0.0260023490
0.0337520670
0.0334461580
0.0256964400
0.0176408090
0.0045886498
-0.0086674497
-0.0193742990
-0.0233511290
-0.0309988790
-0.0282456900
-0.0231471900
-0.0177427790
-0.0123383700
-0.0128482200
-0.0131541290
-0.0081575997
-0.0026512198
0.0039768300
0.0066280498
0.0056083498
0.0050984998
0.0065260799
0.0128482200
0.0182526290
0.0247787080
0.0313047900
0.0303870580
0.0255944700
0.0220255200
0.0166211090
0.0195782400
0.0238609790
0.0287555400
0.0306929690
0.0199861200
0.0108088200
-0.0039768300
-0.0166211090
-0.0328343400
-0.0341599490
-0.0223314290
-0.0150915600
-0.0010197000
0.0011216700
-0.0054044100
-0.0102989700
-0.0128482200
-0.0145817100
-0.0131541290
-0.0106048790
-0.0072398697
-0.0018354599
0.0033650098
0.0086674497
0.0161112600
0.0243708290
0.0325284280
0.0347717670
0.0324264580
0.0217196080
0.0074438099
0.0009177299
-0.0015295499
-0.0047925896
-0.0076477497
-0.0123383700
-0.0159073200
-0.0118285200
-0.0057103197
-0.0006118200
-0.0003059100
-0.0003059100
0.0014275799
0.0046906197
0.0073418396
0.0087694201
0.0099930598
0.0126442790
0.0149895890
0.0175388400
0.0203939990
0.1631519900
0.1998611900
0.2457476900
0.2783780900
0.3099887900
0.3263039900
0.3734637390
0.2875553900
0.2365703900
-0.1223640000
-0.2416688900
-0.1672307900
-0.1906838900
-0.1121670000
-0.0767834100
-0.0176408090
0.0115226100
0.0543500070
0.0912631470
0.1213443000
0.1794671900
0.0587347160
-0.2681810900
-0.1580534900
-0.1764080900
-0.1029897000
-0.0590406300
0.0241668900
-0.0683198980
-0.2019005900
-0.1672307900
-0.1723292900
-0.1509155900
-0.1254231000
-0.1019700000
-0.0765794660
-0.0533303070
-0.0276338690
-0.0044866799
0.0191703590
-0.0096871497
-0.0441530080
-0.0854508600
-0.0969734650
-0.0730105160
-0.0610800290
-0.0340579800
-0.0110127600
0.0188644490
0.0428273990
0.0686258110
-0.0098910895
-0.0379328390
-0.0040787999
0.0011216700
0.0350776800
0.0576130480
0.0900395100
0.1152261000
0.1386792000
0.0223314290
0.0245747700
0.0696455110
0.0702573290
0.1346004000
0.1376595000
0.2080187900
-0.0949340650
-0.1335807000
-0.0705632340
-0.0556756170
0.0073418396
0.0688297480
-0.1091079000
-0.1519352900
-0.1091079000
-0.1182852000
-0.0777011340
-0.0570012300
-0.0219235490
-0.0128482200
-0.0687277790
-0.0330382800
-0.0343638900
-0.0111147290
0.0017334900
0.0304890290
0.0497613570
0.0619977570
0.0226373400
-0.0032630399
-0.0249826490
0.0078516895
0.0215156700
0.0579189570
0.0842272160
0.1233837000
0.1509155900
0.1774277900
0.0429293670
0.0029571300
0.0264102290
0.0298772080
-0.0056083498
-0.0149895890
0.0145817100
0.0210058200
0.0508830300
0.0657706480
0.0975852840
0.1152261000
0.1478564900
0.1662110900
0.1988414900
0.1896641900
0.2019005900
0.1804868900
0.1274625000
-0.1233837000
-0.0552677390
-0.0391564800
-0.0317126690
-0.1142064000
-0.1692701900
-0.2508461900
-0.2069990900
-0.1876247900
-0.1346004000
-0.0978911970
-0.0331402490
0.0157033790
0.0832075160
0.1346004000
0.1855853900
-0.0059142600
-0.0172329290
0.0290614490
0.0455805890
0.1002365100
0.1447973900
0.1886444900
0.2508461900
0.1723292900
-0.1407186000
-0.1018680300
-0.1111473000
-0.0924867840
-0.0478239300
-0.1274625000
-0.2151566900
-0.1651913900
-0.1723292900
-0.1335807000
-0.1131867000
-0.0788228100
-0.0520046980
-0.0554716800
-0.1223640000
-0.1233837000
-0.1182852000
-0.1172655000
-0.0731124840
-0.0556756170
0.0065260799
-0.0819838790
-0.1662110900
-0.0875922290
-0.0979931650
-0.0403801170
-0.0149895890
0.0325284280
0.0660765610
0.0893257150
0.0481298390
0.0201900590
-0.0027531900
0.0297752400
0.0453766480
0.0800464470
0.1050291000
0.1376595000
0.1641716900
0.1896641900
0.1305216000
0.0652607980
0.0208018790
0.0320185790
0.0380348080
0.0505771170
0.0239629490
-0.0085654793
-0.0171309590
-0.0115226100
-0.0233511290
-0.0252885580
-0.0160092890
-0.0070359299
0.0149895890
0.0386466300
0.0590406300
0.0260023490
-0.0041807698
-0.0436431580
-0.0135620100
0.0096871497
0.0234530990
-0.0131541290
-0.0050984998
0.0081575997
0.0214136990
0.0387485990
0.0520046980
0.0160092890
-0.0032630399
-0.0113186700
0.0005098500
0.0077497196
0.0035689499
-0.0096871497
-0.0036709198
-0.0016315200
0.0038748598
0.0086674497
-0.0057103197
-0.0309988790
-0.0429293670
-0.0248806790
-0.0240649200
-0.0180486900
-0.0131541290
-0.0018354599
0.0206999090
-0.0110127600
-0.0092792701
-0.0034669800
-0.0108088200
-0.0113186700
-0.0100950290
-0.0002039400
0.0074438099
0.0239629490
0.0361993490
0.0718888480
0.0794346290
0.0187624790
-0.0268181080
-0.0126442790
-0.0042827397
0.0162132290
0.0048945600
-0.0223314290
-0.0476199890
-0.0436431580
-0.0220255200
-0.0043847100
0.0162132290
0.0326303990
0.0427254300
0.0125423100
-0.0163151990
-0.0208018790
-0.0083615395
-0.0210058200
-0.0139698890
-0.0056083498
0.0054044100
0.0136639790
0.0271240190
0.0236570400
0.0080556298
-0.0008157600
0.0203939990
0.0443569480
0.0501692390
0.0194762700
0.0093812395
-0.0022433400
-0.0021413698
0.0053024396
0.0094832099
0.0260023490
0.0375249580
0.0535342480
0.0551657670
0.0433372480
0.0405840580
0.0570012300
0.0770893160
0.0372190490
0.0419096670
0.0099930598
-0.0208018790
-0.0253905290
-0.0412978490
-0.0421136080
-0.0480278670
-0.0441530080
-0.0467022580
-0.0058122896
0.0181506590
-0.0212097580
-0.0501692390
-0.0540440980
-0.0369131390
-0.0412978490
-0.0314067580
-0.0322225190
-0.0270220490
-0.0270220490
-0.0274299290
-0.0351796490
-0.0315087290
-0.0221274900
-0.0079536599
0.0088713895
0.0286535690
0.0316106990
0.0365052580
0.0347717670
0.0365052580
0.0292653900
0.0311008490
0.0114206390
0.0218215790
0.0138679200
0.0391564800
-0.0877961650
-0.1376595000
-0.1366398000
-0.1376595000
-0.1213443000
-0.1060488000
-0.0845331290
-0.0663824660
-0.0452746800
-0.0263082580
-0.0061181998
-0.0092792701
-0.0185585400
-0.0149895890
0.0086674497
0.0166211090
0.0050984998
0.0269200790
0.0593465390
0.0884079840
0.1223640000
0.1733489900
0.1131867000
-0.1121670000
-0.0373210170
-0.0453766480
-0.0240649200
-0.0978911970
-0.0668923160
-0.0608760890
-0.0683198980
-0.0562874390
-0.0027531900
0.0385446580
0.1091079000
0.1702898900
0.0965655840
0.0416037580
0.0680139850
0.0134600390
-0.0096871497
-0.0530243980
-0.0843291840
-0.1172655000
-0.1172655000
-0.0818819100
-0.0376269300
0.0029571300
0.0555736480
0.1203246000
0.1641716900
-0.0275318990
0.0034669800
-0.0057103197
0.0020393999
0.0148876200
0.0547578890
0.0813720600
-0.0209038490
-0.0601622980
-0.0172329290
-0.0178447490
-0.0028551599
0.0075457798
0.0389525390
0.0578169890
0.0767834100
0.0816779660
0.0603662390
0.0309988790
0.0023453099
0.0065260799
-0.0413998170
-0.0459884670
-0.0080556298
0.0171309590
0.0578169890
0.0094832099
-0.0056083498
0.0044866799
-0.0125423100
-0.0287555400
-0.0445608890
-0.0358934400
-0.0260023490
-0.0113186700
0.0209038490
0.0529224300
0.0870823790
0.1162458000
0.0747440110
0.0241668900
-0.0375249580
-0.0276338690
-0.0221274900
-0.0890198100
-0.0992168100
-0.0600603290
-0.0342619170
0.0078516895
0.0264102290
0.0518007570
0.0368111670
0.0082595701
-0.0057103197
-0.0213117290
-0.0323244900
-0.0242688580
-0.0383407170
-0.0560834980
-0.0736223340
-0.0818819100
-0.0533303070
-0.0346697990
-0.0011216700
0.0066280498
-0.0037728899
-0.0005098500
-0.0171309590
-0.0418076990
-0.0081575997
0.0080556298
0.0381367800
0.0627115480
0.0678100480
0.0259003790
-0.0058122896
-0.0483337800
-0.0363013170
-0.0247787080
-0.0048945600
0.0128482200
0.0386466300
0.0245747700
-0.0231471900
-0.0436431580
-0.0692376290
-0.0674021660
-0.0601622980
-0.0523106070
-0.0416037580
-0.0315087290
-0.0271240190
-0.0551657670
-0.0640371570
-0.0925887600
-0.1131867000
-0.0898355650
-0.0785168970
-0.0593465390
-0.0482318080
-0.0339560080
-0.0202920290
0.0020393999
0.0215156700
0.0440510390
0.0625076070
0.0782109840
0.0951380100
0.1091079000
0.1152261000
0.1213443000
0.1274625000
0.1356201000
0.1621322900
0.1835459900
0.2080187900
0.1264428000
0.0450707390
-0.0142758000
-0.0679120160
-0.0565933480
-0.0706652110
-0.1003384800
-0.1274625000
-0.1203246000
-0.1070685000
-0.0938123970
-0.0757637100
-0.0824937290
-0.0866744970
-0.0876941970
-0.0880001100
-0.0890198100
-0.0885099600
-0.0902434470
-0.0547578890
0.0053024396
0.0219235490
0.0249826490
0.0591425980
0.0320185790
0.0240649200
0.0494554480
0.0600603290
0.0535342480
0.0361993490
0.0200880900
0.0202920290
0.0501692390
0.0349757080
0.0293673580
0.0440510390
0.0243708290
0.0089733599
0.0078516895
-0.0150915600
-0.0078516895
-0.0019374299
0.0076477497
0.0044866799
-0.0147856490
-0.0322225190
-0.0245747700
-0.0028551599
0.0185585400
0.0434392170
0.0447648300
0.0522086390
0.0475180170
0.0488436300
0.0196802090
0.0226373400
0.0279397790
0.0400742080
0.0513928800
0.0588366890
0.0599583570
0.0838193340
0.0812700840
0.0967695280
0.0351796490
0.0045886498
-0.0125423100
-0.0353835900
-0.0434392170
-0.0424195170
-0.0280417490
-0.0275318990
0.0075457798
0.0436431580
-0.0235550700
-0.0394623890
-0.0084635099
0.0141738290
0.0453766480
0.0027531900
-0.0710730840
-0.0811681160
-0.0255944700
-0.0137659500
0.0080556298
-0.0117265500
-0.0255944700
-0.0339560080
-0.0274299290
-0.0306929690
-0.0203939990
-0.0068319896
-0.0038748598
0.0107068500
0.0301831190
0.0350776800
0.0975852840
0.0915690600
0.0182526290
-0.0369131390
-0.1013581800
-0.0822897840
-0.0758656790
-0.0549618300
-0.0336500990
-0.0130521600
0.0031610698
0.0150915600
0.0518007570
-0.0022433400
-0.0498633300
-0.0365052580
-0.0704612660
-0.0526165170
-0.0378308670
0.0089733599
0.0644450390
0.0857567650
0.1305216000
0.1417383000
0.1213443000
0.0765794660
0.0229432490
-0.0089733599
-0.0231471900
0.0075457798
0.0184565700
0.0554716800
0.0406860300
0.0045886498
-0.0083615395
-0.0188644490
-0.0020393999
0.0006118200
-0.0119304890
-0.0214136990
-0.0308969080
-0.0522086390
-0.0741321840
-0.0590406300
-0.0271240190
-0.0181506590
0.0040787999
0.0099930598
0.0139698890
0.0225353700
0.0445608890
0.0092792701
-0.0558795570
-0.0565933480
-0.0247787080
-0.0082595701
0.0254924990
0.0418076990
0.0185585400
-0.0027531900
-0.0247787080
-0.0015295499
0.0251865900
0.0491495390
0.0798425100
0.0634253390
0.0337520670
-0.0014275799
-0.0198841490
-0.0251865900
-0.0216176400
-0.0112167000
0.0050984998
0.0245747700
-0.0034669800
-0.0220255200
-0.0480278670
-0.0370151080
-0.0198841490
-0.0018354599
0.0173348990
-0.0081575997
0.0005098500
0.0234530990
0.0381367800
0.0612839660
0.0526165170
0.0440510390
0.0350776800
0.0514948480
0.0665864110
0.0696455110
0.0175388400
-0.0173348990
-0.0537381890
-0.0677080790
-0.0394623890
-0.0226373400
-0.0033650098
0.0121344290
-0.0130521600
-0.0357914670
-0.0524125800
-0.0341599490
-0.0222294580
-0.0012236400
0.0144797390
0.0071378998
-0.0064241100
-0.0122364000
-0.0328343400
-0.0352816170
-0.0092792701
0.0074438099
0.0315087290
0.0481298390
0.0614879070
0.0587347160
0.0336500990
-0.0074438099
-0.0792306840
-0.0619977570
-0.0446628580
-0.0213117290
0.0031610698
0.0356894990
0.0298772080
0.0123383700
0.0344658580
0.0323244900
0.0259003790
0.0210058200
0.0201900590
0.0177427790
0.0021413698
-0.0146836790
-0.0349757080
-0.0345678300
-0.0147856490
-0.0028551599
0.0173348990
-0.0097891200
-0.0260023490
-0.0284496290
-0.0395643580
-0.0246767400
-0.0219235490
-0.0185585400
-0.0177427790
-0.0038748598
-0.0027531900
-0.0188644490
-0.0125423100
0.0088713895
0.0349757080
0.0708691480
0.0927926970
0.0869804100
0.0774971970
0.0523106070
0.0189664200
0.0015295499
-0.0193742990
-0.0153974700
-0.0074438099
0.0021413698
0.0131541290
0.0219235490
0.0024472800
-0.0126442790
-0.0335481300
-0.0529224300
-0.0721947610
-0.0590406300
-0.0471101390
-0.0313047900
-0.0147856490
-0.0009177299
-0.0183545990
-0.0324264580
-0.0474160480
-0.0398702670
-0.0351796490
-0.0322225190
-0.0443569480
-0.0500672670
-0.0484357480
-0.0428273990
-0.0368111670
-0.0282456900
-0.0263082580
-0.0141738290
-0.0069339600
0.0516987890
0.0736223340
0.0895296600
0.0797405340
0.0780070470
0.0447648300
0.0081575997
0.0013256099
-0.0128482200
-0.0015295499
0.0030590999
0.0106048790
0.0106048790
0.0196802090
0.0209038490
0.0075457798
-0.0057103197
-0.0073418396
0.0071378998
0.0108088200
0.0149895890
-0.0009177299
-0.0162132290
-0.0190683900
-0.0007137900
0.0158053490
0.0107068500
-0.0117265500
-0.0307949400
-0.0315087290
-0.0096871497
-0.0059142600
0.0004078800
0.0020393999
0.0050984998
0.0058122896
0.0098910895
0.0136639790
0.0180486900
0.0222294580
0.0266141690
0.0307949400
0.0352816170
0.0393604170
0.0483337800
0.0400742080
0.0242688580
0.0117265500
-0.0080556298
-0.0126442790
0.0055063799
0.0027531900
-0.0254924990
-0.0577150160
-0.0642410980
-0.0602642660
-0.0421136080
-0.0069339600
0.0277358400
0.0282456900
-0.0021413698
-0.0061181998
-0.0112167000
-0.0225353700
-0.0424195170
-0.0529224300
-0.0226373400
0.0030590999
0.0080556298
0.0141738290
0.0174368700
0.0257984080
0.0329363080
0.0398702670
0.0167230790
-0.0138679200
-0.0329363080
-0.0296732690
-0.0292653900
-0.0309988790
-0.0345678300
-0.0249826490
-0.0077497196
0.0127462500
0.0383407170
0.0409919390
0.0249826490
0.0159073200
-0.0040787999
-0.0156014100
-0.0294693290
-0.0322225190
-0.0113186700
0.0095851793
0.0341599490
0.0587347160
0.0432352800
0.0145817100
-0.0007137900
-0.0137659500
-0.0275318990
-0.0347717670
-0.0364032900
-0.0403801170
-0.0409919390
-0.0497613570
-0.0489455980
-0.0413998170
-0.0415017890
-0.0357914670
-0.0190683900
-0.0058122896
0.0044866799
-0.0019374299
-0.0073418396
-0.0172329290
-0.0117265500
0.0128482200
0.0365052580
0.0666883790
0.0730105160